1 383 383 383 20 2.7934160232543945 11.685832496000002 0.1551897790696886 75.30027148728932
1 383 383 383 20 2.7935738563537598 11.685832496000002 0.15519854757520887 75.29601712501254
1 383 383 383 100 13.85136890411377 11.685832496000002 0.15390409893459744 75.92931297408767
1 383 383 383 100 13.853609085083008 11.685832496000002 0.15392898983425565 75.91703491709275
8 383 383 383 20 2.8041188716888428 11.685832496000002 0.15578438176049125 75.01286306072863
8 383 383 383 20 2.806734085083008 11.685832496000002 0.15592967139350045 74.94296878565152
8 383 383 383 100 13.98094892501831 11.685832496000002 0.1553438769446479 75.22557519382559
8 383 383 383 100 14.001467943191528 11.685832496000002 0.15557186603546141 75.1153328284711
27 383 383 383 20 2.8223249912261963 11.685832496000002 0.1567958328458998 74.5289736589169
27 383 383 383 20 2.8097479343414307 11.685832496000002 0.15609710746341282 74.86258192669594
27 383 383 383 100 14.072933912277222 11.685832496000002 0.1563659323586358 74.73387789609924
27 383 383 383 100 14.066119909286499 11.685832496000002 0.15629022121429442 74.77008097632155
64 383 383 383 20 2.812451124191284 11.685832496000002 0.15624728467729357 74.79062769081344
64 383 383 383 20 2.8085100650787354 11.685832496000002 0.15602833694881862 74.89557810151665
64 383 383 383 100 14.129486083984375 11.685832496000002 0.1569942898220486 74.4347613486183
64 383 383 383 100 14.12067198753357 11.685832496000002 0.15689635541703967 74.481223384306
125 383 383 383 100 14.116595029830933 11.685832496000002 0.15685105588701037 74.50273401039797
125 383 383 383 100 14.127665996551514 11.685832496000002 0.15697406662835015 74.44435088546972
125 383 383 383 100 14.116595029830933 11.685832496000002 0.15685105588701037 74.50273401039797
125 383 383 383 100 14.127665996551514 11.685832496000002 0.15697406662835015 74.44435088546972
216 383 383 383 100 14.129208087921143 11.685832496000002 0.15699120097690158 74.43622587306253
216 383 383 383 100 14.125695943832397 11.685832496000002 0.1569521771536933 74.4547333329235
216 383 383 383 100 14.129208087921143 11.685832496000002 0.15699120097690158 74.43622587306253
216 383 383 383 100 14.125695943832397 11.685832496000002 0.1569521771536933 74.4547333329235
512 383 383 383 100 14.140849113464355 11.685832496000002 0.15712054570515951 74.3749485056445
512 383 383 383 100 14.127254009246826 11.685832496000002 0.1569694889916314 74.44652187549018
512 383 383 383 100 14.109721899032593 11.685832496000002 0.1567746877670288 74.53902579838301
512 383 383 383 100 14.156317949295044 11.685832496000002 0.1572924216588338 74.29367780570188
1000 383 383 383 100 14.161488056182861 11.685832496000002 0.15734986729092068 74.266554508078
1000 383 383 383 100 14.134939193725586 11.685832496000002 0.15705487993028427 74.40604520653719
1000 383 383 383 100 14.138716220855713 11.685832496000002 0.1570968468983968 74.38616832047478
1000 383 383 383 100 14.143234968185425 11.685832496000002 0.15714705520206027 74.36240202512427
2197 383 383 383 100 14.16315507888794 11.685832496000002 0.15736838976542156 74.25781323313585
2197 383 383 383 100 14.109230995178223 11.685832496000002 0.15676923327975803 74.54161924200002
2197 383 383 383 100 14.118886947631836 11.685832496000002 0.15687652164035373 74.49063998748188
2197 383 383 383 100 14.137185096740723 11.685832496000002 0.15707983440823026 74.39422469487731
