31 31 31 1000 0.3229351043701172 0.006196528000000001 0.0003261970751213305 18.996270882242502
31 31 31 1000 0.3432629108428955 0.006196528000000001 0.00034673021297262175 17.871324067422087
31 31 31 1000 0.3436617851257324 0.006196528000000001 0.0003471331162886186 17.850581547074267
31 31 31 1000 0.34685778617858887 0.006196528000000001 0.00035036140018039277 17.686103539972027
31 31 31 1000 0.320497989654541 0.006196528000000001 0.00032373534308539496 19.140721371177193
63 63 63 1000 0.6462938785552979 0.052009776 0.0006528220995508059 79.6691411577318
63 63 63 1000 0.6931960582733154 0.052009776 0.0007001980386599145 74.27866564656445
63 63 63 1000 0.6309680938720703 0.052009776 0.0006373415089616872 81.60425026251741
63 63 63 1000 0.6523759365081787 0.052009776 0.0006589655924325037 78.92639099412044
63 63 63 1000 0.6673030853271484 0.052009776 0.0006740435205324732 77.16085744569418
127 127 127 1000 3.346622943878174 0.42606366400000006 0.0033804272160385595 126.03840780198597
127 127 127 1000 3.3525168895721436 0.42606366400000006 0.0033863806965375187 125.81682397246077
127 127 127 1000 3.452249050140381 0.42606366400000006 0.0034871202526670516 122.18209672411902
127 127 127 1000 3.339232921600342 0.42606366400000006 0.0033729625470710523 126.31734211516132
127 127 127 1000 3.421056032180786 0.42606366400000006 0.0034556121537179657 123.29614697690805
255 255 255 1000 23.434059858322144 3.4489259999999997 0.02367076753365873 145.7040205855508
255 255 255 1000 23.45196008682251 3.4489259999999997 0.02368884857254799 145.59280876136862
255 255 255 1000 23.50399398803711 3.4489259999999997 0.023741408068724355 145.27049069778755
255 255 255 1000 23.399410009384155 3.4489259999999997 0.02363576768624662 145.9197791153993
255 255 255 1000 23.438899993896484 3.4489259999999997 0.023675656559491397 145.67393268835667
511 511 511 1000 182.98422598838806 27.754028848 0.1848325515034223 150.1576893369138
511 511 511 1000 182.61062788963318 27.754028848 0.18445517968649816 150.46489285457324
511 511 511 1000 183.47896003723145 27.754028848 0.18533228286589035 149.7528030131874
511 511 511 1000 184.2111518383026 27.754028848 0.18607187054374003 149.1575742582533
511 511 511 1000 182.7957000732422 27.754028848 0.18464212128610322 150.31255411648513
