31 31 31 1000.0 0.32141709327697754 0.006196528000000001 0.0003246637305828056 19.085987796901673
31 31 31 1000.0 0.32523679733276367 0.006196528000000001 0.0003285220175078421 18.861834731829152
31 31 31 1000.0 0.3215608596801758 0.006196528000000001 0.0003248089491718947 19.07745465695493
31 31 31 1000.0 0.32579588890075684 0.006196528000000001 0.00032908675646541095 18.829466328436993
31 31 31 1000.0 0.32068300247192383 0.006196528000000001 0.000323922224719115 19.129678444797175
63 63 63 1000.0 0.7304561138153076 0.052009776 0.0007378344583993007 70.48976285660731
63 63 63 1000.0 0.6885628700256348 0.052009776 0.0006955180505309442 74.77847046571516
63 63 63 1000.0 0.7170548439025879 0.052009776 0.0007242978221238262 71.80716883490558
63 63 63 1000.0 0.7217600345611572 0.052009776 0.0007290505399607649 71.33905422084867
63 63 63 1000.0 0.7172071933746338 0.052009776 0.0007244517104794281 71.79191552406017
127 127 127 1000.0 3.539994955062866 0.42606366400000006 0.003575752479861481 119.15356736786913
127 127 127 1000.0 3.5670838356018066 0.42606366400000006 0.0036031149854563703 118.2487002828845
127 127 127 1000.0 3.6967220306396484 0.42606366400000006 0.003734062657211766 114.10190538102616
127 127 127 1000.0 3.542401075363159 0.42606366400000006 0.0035781829044072315 119.07263417843157
127 127 127 1000.0 3.5042190551757812 0.42606366400000006 0.003539615207248264 120.37005127775645
255 255 255 1000.0 25.60273289680481 3.4489259999999997 0.025861346360408898 133.3621982372873
255 255 255 1000.0 25.720016956329346 3.4489259999999997 0.02597981510740338 132.75406255748027
255 255 255 1000.0 25.88434910774231 3.4489259999999997 0.026145807179537687 131.91124589564055
255 255 255 1000.0 25.243664026260376 3.4489259999999997 0.02549865053157614 135.25915795932173
255 255 255 1000.0 25.40879201889038 3.4489259999999997 0.025665446483727657 134.38012863663522
511 511 511 1000.0 197.28832507133484 27.754028848 0.19928113643569176 139.27072749786458
511 511 511 1000.0 196.33796882629395 27.754028848 0.19832118063262014 139.94485490388908
511 511 511 1000.0 196.64086294174194 27.754028848 0.1986271342845878 139.7292920122119
511 511 511 1000.0 195.753751039505 27.754028848 0.19773106165606566 140.36251368677466
511 511 511 1000.0 195.4320981502533 27.754028848 0.1974061597477306 140.59353002696292
