1 511 511 511 100 17.321989059448242 27.754028848 0.19246654510498046 144.20183431287566
1 511 511 511 100 17.29348397254944 27.754028848 0.192149821917216 144.4395241748248
1 511 511 511 100 17.29473304748535 27.754028848 0.19216370052761503 144.4290923405255
1 511 511 511 100 17.28372311592102 27.754028848 0.192041367954678 144.5210953431137
1 511 511 511 100 17.230772018432617 27.754028848 0.19145302242702908 144.96521651194223
2 511 511 511 100 17.34583306312561 27.754028848 0.19273147847917343 144.00361096695008
2 511 511 511 100 17.403297185897827 27.754028848 0.19336996873219808 143.5281239892897
2 511 511 511 100 17.34948706626892 27.754028848 0.1927720785140991 143.9732821367598
2 511 511 511 100 17.33000111579895 27.754028848 0.19255556795332168 144.13516650283512
2 511 511 511 100 17.316741943359375 27.754028848 0.19240824381510416 144.24552866180932
4 511 511 511 100 17.340460062026978 27.754028848 0.19267177846696643 144.04823098032713
4 511 511 511 100 17.450516939163208 27.754028848 0.19389463265736898 143.139747952921
4 511 511 511 100 17.44395613670349 27.754028848 0.193821734852261 143.19358388343431
4 511 511 511 100 17.35778307914734 27.754028848 0.19286425643497043 143.90447126400556
4 511 511 511 100 17.360973119735718 27.754028848 0.19289970133039686 143.87802913423465
8 511 511 511 100 17.389364004135132 27.754028848 0.19321515560150146 143.64312551775998
8 511 511 511 100 17.456535816192627 27.754028848 0.19396150906880696 143.0903944872608
8 511 511 511 100 17.531919956207275 27.754028848 0.1947991106245253 142.4751312211882
8 511 511 511 100 17.433949947357178 27.754028848 0.1937105549706353 143.27576962549745
8 511 511 511 100 17.52156901359558 27.754028848 0.19468410015106202 142.5592990206427
