31 31 31 1000 0.3559231758117676 0.006196528000000001 0.0003595183594058258 17.235637173692524
31 31 31 1000 0.3578071594238281 0.006196528000000001 0.00036142137315538193 17.14488533398382
31 31 31 1000 0.36499500274658203 0.006196528000000001 0.00036868182095614344 16.807251260530986
63 63 63 1000 1.0466089248657227 0.052009776 0.0010571807321875985 49.196674150859174
63 63 63 1000 1.042294979095459 0.052009776 0.0010528232112075344 49.400293844535824
63 63 63 1000 1.042877197265625 0.052009776 0.0010534113103693181 49.372714615875694
127 127 127 1000 6.076971054077148 0.42606366400000006 0.006138354600077928 69.41007676464163
127 127 127 1000 6.056841850280762 0.42606366400000006 0.006118022070990668 69.64075301725893
127 127 127 1000 6.061173915863037 0.42606366400000006 0.006122397894811149 69.59097910985128
255 255 255 1000 43.10989308357239 3.4489259999999997 0.043545346549063016 79.20308995851158
255 255 255 1000 43.06356906890869 3.4489259999999997 0.04349855461505928 79.28828970344625
255 255 255 1000 43.08829379081726 3.4489259999999997 0.043523529081633594 79.24279287029151
383 383 383 1000 142.74942994117737 11.685832496000002 0.14419134337492664 81.04392554006849
383 383 383 1000 142.59012508392334 11.685832496000002 0.14403042937770033 81.13446961513588
383 383 383 1000 142.71101117134094 11.685832496000002 0.144152536536708 81.06574311319343
